10.0
100.0
102.0
106.0
107.0
108.0
109.0
11.0
110 x 2
110.0
115.0
116.0
12 to 25
12.0
12.2
12.5
120.0
125.0
127.0
13.0
13.4
13.5
130.0
135.0
138.0
14 - 27
14-21
14.0
140.0
145.0
146.0
148.0
15-20
15.0
15.5
150 x 2
150.0
16.0
16.5
160.0
163.0
165.0
17.0
170.0
175.0
18.0
18.5
18.8
180.0
185.0
19 x 2
19.0
19.8
190.0
195.0
2-4
2.0
2.5
2.5-4
2.5-5
20 to 35
20-34
20.0
200.0
21.0
210.0
22.0
220.0
225.0
23.0
24.0
240.0
247.0
25 to 50
25.0
26.0
27.0
28.0
282.0
285.0
29 x 2
29.0
29x2
2x  29
2x 10
2x 110
2x 13
2x 15
2x 150
2x 19
2x 20
2x 21-29
2x 27
2x 29
2x 30
2x 30 + 2x 10kw
2x 38
2x 39
2x 40
2x 40/50
2x 42
2x 45
2x 48
2x 49
2x 5.77
2x 50
2x 54
2x 55
2x 56
2x 57
2x 60
2x 65
2x 75
2x 80
2x 9
30.0
300.0
305.0
31.0
315.0
32.0
33.0
34.0
34.5
35.0
35/38
36.0
37.0
37.5
38.0
39.0
4-10
4-6
4-8
4.0
4.7
40.0
41.0
42.0
43.0
44.0
44/50
45 to 80
45 x 2
45.0
450.0
46.0
47.0
470.0
48.0
49.0
5-10
5-14
5-7
5.0
5.36
50 x2
50.0
51.0
52.0
53.0
54.0
55 x 2
55.0
56.0
57.0
58.0
59.0
6-10
6-8
6.0
60 to 100
60.0
61.0
62.0
63.0
64.0
65.0
66.0
67.0
68.0
7.0
7.5
70.0
71.0
72.0
73.0
74.0
75.0
76.0
77.0
78.0
8-12
8-13
8-15
8-40
8.0
8.2
80 to 120
80.0
81.0
82.0
83.0
85.0
88.0
9-14
9.0
9.5
9.9-35
90.0
94.0
95.0
96.0
98.0
